BASIC TEMPLATE FOR SIMULATION
 64	64	-64.000000	0
 64	64	-62.000000	1
 64	64	-61.000000	2
 64	64	-60.000000	3
 64	64	-59.000000	4
 64	64	-58.000000	5
 64	64	-56.000000	6
 64	64	-55.000000	7
 64	64	-54.000000	8
 64	64	-53.000000	9
 64	64	-51.000000	10
 64	64	-50.000000	11
 64	64	-49.000000	12
 64	64	-47.000000	13
 64	64	-46.000000	14
 64	64	-45.000000	15
 64	64	-43.000000	16
 64	64	-42.000000	17
 64	64	-41.000000	18
 64	64	-39.000000	19
 64	64	-38.000000	20
 64	64	-36.000000	21
 64	64	-35.000000	22
 64	64	-33.000000	23
 64	64	-32.000000	24
 64	64	-30.000000	25
 64	64	-29.000000	26
 64	64	-27.000000	27
 64	64	-26.000000	28
 64	64	-24.000000	29
 64	64	-23.000000	30
 64	64	-21.000000	31
 64	64	-20.000000	32
 64	64	-18.000000	33
 64	64	-17.000000	34
 64	64	-15.000000	35
 64	64	-14.000000	36
 64	64	-12.000000	37
 64	64	-11.000000	38
 64	64	-9.000000	39
 64	64	-7.000000	40
 64	64	-6.000000	41
 64	64	-4.000000	42
 64	64	-3.000000	43
 64	64	-1.000000	44
 64	64	0.000000	45
 64	64	1.000000	46
 64	64	3.000000	47
 64	64	4.000000	48
 64	64	6.000000	49
 64	64	7.000000	50
 64	64	9.000000	51
 64	64	11.000000	52
 64	64	12.000000	53
 64	64	14.000000	54
 64	64	15.000000	55
 64	64	17.000000	56
 64	64	18.000000	57
 64	64	20.000000	58
 64	64	21.000000	59
 64	64	23.000000	60
 64	64	24.000000	61
 64	64	26.000000	62
 64	64	27.000000	63
 64	64	29.000000	64
 64	64	30.000000	65
 64	64	32.000000	66
 64	64	33.000000	67
 64	64	35.000000	68
 64	64	36.000000	69
 64	64	38.000000	70
 64	64	39.000000	71
 64	64	41.000000	72
 64	64	42.000000	73
 64	64	43.000000	74
 64	64	45.000000	75
 64	64	46.000000	76
 64	64	47.000000	77
 64	64	49.000000	78
 64	64	50.000000	79
 64	64	51.000000	80
 64	64	53.000000	81
 64	64	54.000000	82
 64	64	55.000000	83
 64	64	56.000000	84
 64	64	58.000000	85
 64	64	59.000000	86
 64	64	60.000000	87
 64	64	61.000000	88
 64	64	62.000000	89
 64	64	64.000000	90
 64	64	65.000000	91
 64	64	66.000000	92
 64	64	67.000000	93
 64	64	68.000000	94
 64	64	69.000000	95
 64	64	70.000000	96
 64	64	71.000000	97
 64	64	72.000000	98
 64	64	73.000000	99
 64	64	74.000000	100
 64	64	75.000000	101
 64	64	75.000000	102
 64	64	76.000000	103
 64	64	77.000000	104
 64	64	78.000000	105
 64	64	79.000000	106
 64	64	79.000000	107
 64	64	80.000000	108
 64	64	81.000000	109
 64	64	82.000000	110
 64	64	82.000000	111
 64	64	83.000000	112
 64	64	83.000000	113
 64	64	84.000000	114
 64	64	85.000000	115
 64	64	85.000000	116
 64	64	86.000000	117
 64	64	86.000000	118
 64	64	87.000000	119
 64	64	87.000000	120
 64	64	87.000000	121
 64	64	88.000000	122
 64	64	88.000000	123
 64	64	88.000000	124
 64	64	89.000000	125
 64	64	89.000000	126
 64	64	89.000000	127
 64	64	89.000000	128
 64	64	90.000000	129
 64	64	90.000000	130
 64	64	90.000000	131
 64	64	90.000000	132
 64	64	90.000000	133
 64	64	90.000000	134
 64	64	90.000000	135
 64	64	90.000000	136
 64	64	90.000000	137
 64	64	90.000000	138
 64	64	90.000000	139
 64	64	90.000000	140
 64	64	90.000000	141
 64	64	89.000000	142
 64	64	89.000000	143
 64	64	89.000000	144
 64	64	89.000000	145
 64	64	88.000000	146
 64	64	88.000000	147
 64	64	88.000000	148
 64	64	87.000000	149
 64	64	87.000000	150
 64	64	87.000000	151
 64	64	86.000000	152
 64	64	86.000000	153
 64	64	85.000000	154
 64	64	85.000000	155
 64	64	84.000000	156
 64	64	83.000000	157
 64	64	83.000000	158
 64	64	82.000000	159
 64	64	82.000000	160
 64	64	81.000000	161
 64	64	80.000000	162
 64	64	79.000000	163
 64	64	79.000000	164
 64	64	78.000000	165
 64	64	77.000000	166
 64	64	76.000000	167
 64	64	75.000000	168
 64	64	75.000000	169
 64	64	74.000000	170
 64	64	73.000000	171
 64	64	72.000000	172
 64	64	71.000000	173
 64	64	70.000000	174
 64	64	69.000000	175
 64	64	68.000000	176
 64	64	67.000000	177
 64	64	66.000000	178
 64	64	65.000000	179

thetasize 180

rhosize 363

thetasize 89

rhosize 181

thetasize -90

rhosize -181
                                                                                                                     x                                                                                                                                                                                                                                                     
                                                                                                                       x                                                                                                                                                                                                                                                   
                                                                                                                        x                                                                                                                                                                                                                                                  
                                                                                                                         x                                                                                                                                                                                                                                                 
                                                                                                                          x                                                                                                                                                                                                                                                
                                                                                                                           x                                                                                                                                                                                                                                               
                                                                                                                             x                                                                                                                                                                                                                                             
                                                                                                                              x                                                                                                                                                                                                                                            
                                                                                                                               x                                                                                                                                                                                                                                           
                                                                                                                                x                                                                                                                                                                                                                                          
                                                                                                                                  x                                                                                                                                                                                                                                        
                                                                                                                                   x                                                                                                                                                                                                                                       
                                                                                                                                    x                                                                                                                                                                                                                                      
                                                                                                                                      x                                                                                                                                                                                                                                    
                                                                                                                                       x                                                                                                                                                                                                                                   
                                                                                                                                        x                                                                                                                                                                                                                                  
                                                                                                                                          x                                                                                                                                                                                                                                
                                                                                                                                           x                                                                                                                                                                                                                               
                                                                                                                                            x                                                                                                                                                                                                                              
                                                                                                                                              x                                                                                                                                                                                                                            
                                                                                                                                               x                                                                                                                                                                                                                           
                                                                                                                                                 x                                                                                                                                                                                                                         
                                                                                                                                                  x                                                                                                                                                                                                                        
                                                                                                                                                    x                                                                                                                                                                                                                      
                                                                                                                                                     x                                                                                                                                                                                                                     
                                                                                                                                                       x                                                                                                                                                                                                                   
                                                                                                                                                        x                                                                                                                                                                                                                  
                                                                                                                                                          x                                                                                                                                                                                                                
                                                                                                                                                           x                                                                                                                                                                                                               
                                                                                                                                                             x                                                                                                                                                                                                             
                                                                                                                                                              x                                                                                                                                                                                                            
                                                                                                                                                                x                                                                                                                                                                                                          
                                                                                                                                                                 x                                                                                                                                                                                                         
                                                                                                                                                                   x                                                                                                                                                                                                       
                                                                                                                                                                    x                                                                                                                                                                                                      
                                                                                                                                                                      x                                                                                                                                                                                                    
                                                                                                                                                                       x                                                                                                                                                                                                   
                                                                                                                                                                         x                                                                                                                                                                                                 
                                                                                                                                                                          x                                                                                                                                                                                                
                                                                                                                                                                            x                                                                                                                                                                                              
                                                                                                                                                                              x                                                                                                                                                                                            
                                                                                                                                                                               x                                                                                                                                                                                           
                                                                                                                                                                                 x                                                                                                                                                                                         
                                                                                                                                                                                  x                                                                                                                                                                                        
                                                                                                                                                                                    x                                                                                                                                                                                      
                                                                                                                                                                                     x                                                                                                                                                                                     
                                                                                                                                                                                      x                                                                                                                                                                                    
                                                                                                                                                                                        x                                                                                                                                                                                  
                                                                                                                                                                                         x                                                                                                                                                                                 
                                                                                                                                                                                           x                                                                                                                                                                               
                                                                                                                                                                                            x                                                                                                                                                                              
                                                                                                                                                                                              x                                                                                                                                                                            
                                                                                                                                                                                                x                                                                                                                                                                          
                                                                                                                                                                                                 x                                                                                                                                                                         
                                                                                                                                                                                                   x                                                                                                                                                                       
                                                                                                                                                                                                    x                                                                                                                                                                      
                                                                                                                                                                                                      x                                                                                                                                                                    
                                                                                                                                                                                                       x                                                                                                                                                                   
                                                                                                                                                                                                         x                                                                                                                                                                 
                                                                                                                                                                                                          x                                                                                                                                                                
                                                                                                                                                                                                            x                                                                                                                                                              
                                                                                                                                                                                                             x                                                                                                                                                             
                                                                                                                                                                                                               x                                                                                                                                                           
                                                                                                                                                                                                                x                                                                                                                                                          
                                                                                                                                                                                                                  x                                                                                                                                                        
                                                                                                                                                                                                                   x                                                                                                                                                       
                                                                                                                                                                                                                     x                                                                                                                                                     
                                                                                                                                                                                                                      x                                                                                                                                                    
                                                                                                                                                                                                                        x                                                                                                                                                  
                                                                                                                                                                                                                         x                                                                                                                                                 
                                                                                                                                                                                                                           x                                                                                                                                               
                                                                                                                                                                                                                            x                                                                                                                                              
                                                                                                                                                                                                                              x                                                                                                                                            
                                                                                                                                                                                                                               x                                                                                                                                           
                                                                                                                                                                                                                                x                                                                                                                                          
                                                                                                                                                                                                                                  x                                                                                                                                        
                                                                                                                                                                                                                                   x                                                                                                                                       
                                                                                                                                                                                                                                    x                                                                                                                                      
                                                                                                                                                                                                                                      x                                                                                                                                    
                                                                                                                                                                                                                                       x                                                                                                                                   
                                                                                                                                                                                                                                        x                                                                                                                                  
                                                                                                                                                                                                                                          x                                                                                                                                
                                                                                                                                                                                                                                           x                                                                                                                               
                                                                                                                                                                                                                                            x                                                                                                                              
                                                                                                                                                                                                                                             x                                                                                                                             
                                                                                                                                                                                                                                               x                                                                                                                           
                                                                                                                                                                                                                                                x                                                                                                                          
                                                                                                                                                                                                                                                 x                                                                                                                         
                                                                                                                                                                                                                                                  x                                                                                                                        
                                                                                                                                                                                                                                                   x                                                                                                                       
                                                                                                                                                                                                                                                     x                                                                                                                     
                                                                                                                                                                                                                                                      x                                                                                                                    
                                                                                                                                                                                                                                                       x                                                                                                                   
                                                                                                                                                                                                                                                        x                                                                                                                  
                                                                                                                                                                                                                                                         x                                                                                                                 
                                                                                                                                                                                                                                                          x                                                                                                                
                                                                                                                                                                                                                                                           x                                                                                                               
                                                                                                                                                                                                                                                            x                                                                                                              
                                                                                                                                                                                                                                                             x                                                                                                             
                                                                                                                                                                                                                                                              x                                                                                                            
                                                                                                                                                                                                                                                               x                                                                                                           
                                                                                                                                                                                                                                                                x                                                                                                          
                                                                                                                                                                                                                                                                x                                                                                                          
                                                                                                                                                                                                                                                                 x                                                                                                         
                                                                                                                                                                                                                                                                  x                                                                                                        
                                                                                                                                                                                                                                                                   x                                                                                                       
                                                                                                                                                                                                                                                                    x                                                                                                      
                                                                                                                                                                                                                                                                    x                                                                                                      
                                                                                                                                                                                                                                                                     x                                                                                                     
                                                                                                                                                                                                                                                                      x                                                                                                    
                                                                                                                                                                                                                                                                       x                                                                                                   
                                                                                                                                                                                                                                                                       x                                                                                                   
                                                                                                                                                                                                                                                                        x                                                                                                  
                                                                                                                                                                                                                                                                        x                                                                                                  
                                                                                                                                                                                                                                                                         x                                                                                                 
                                                                                                                                                                                                                                                                          x                                                                                                
                                                                                                                                                                                                                                                                          x                                                                                                
                                                                                                                                                                                                                                                                           x                                                                                               
                                                                                                                                                                                                                                                                           x                                                                                               
                                                                                                                                                                                                                                                                            x                                                                                              
                                                                                                                                                                                                                                                                            x                                                                                              
                                                                                                                                                                                                                                                                            x                                                                                              
                                                                                                                                                                                                                                                                             x                                                                                             
                                                                                                                                                                                                                                                                             x                                                                                             
                                                                                                                                                                                                                                                                             x                                                                                             
                                                                                                                                                                                                                                                                              x                                                                                            
                                                                                                                                                                                                                                                                              x                                                                                            
                                                                                                                                                                                                                                                                              x                                                                                            
                                                                                                                                                                                                                                                                              x                                                                                            
                                                                                                                                                                                                                                                                               x                                                                                           
                                                                                                                                                                                                                                                                               x                                                                                           
                                                                                                                                                                                                                                                                               x                                                                                           
                                                                                                                                                                                                                                                                               x                                                                                           
                                                                                                                                                                                                                                                                               x                                                                                           
                                                                                                                                                                                                                                                                               x                                                                                           
                                                                                                                                                                                                                                                                               x                                                                                           
                                                                                                                                                                                                                                                                               x                                                                                           
                                                                                                                                                                                                                                                                               x                                                                                           
                                                                                                                                                                                                                                                                               x                                                                                           
                                                                                                                                                                                                                                                                               x                                                                                           
                                                                                                                                                                                                                                                                               x                                                                                           
                                                                                                                                                                                                                                                                               x                                                                                           
                                                                                                                                                                                                                                                                              x                                                                                            
                                                                                                                                                                                                                                                                              x                                                                                            
                                                                                                                                                                                                                                                                              x                                                                                            
                                                                                                                                                                                                                                                                              x                                                                                            
                                                                                                                                                                                                                                                                             x                                                                                             
                                                                                                                                                                                                                                                                             x                                                                                             
                                                                                                                                                                                                                                                                             x                                                                                             
                                                                                                                                                                                                                                                                            x                                                                                              
                                                                                                                                                                                                                                                                            x                                                                                              
                                                                                                                                                                                                                                                                            x                                                                                              
                                                                                                                                                                                                                                                                           x                                                                                               
                                                                                                                                                                                                                                                                           x                                                                                               
                                                                                                                                                                                                                                                                          x                                                                                                
                                                                                                                                                                                                                                                                          x                                                                                                
                                                                                                                                                                                                                                                                         x                                                                                                 
                                                                                                                                                                                                                                                                        x                                                                                                  
                                                                                                                                                                                                                                                                        x                                                                                                  
                                                                                                                                                                                                                                                                       x                                                                                                   
                                                                                                                                                                                                                                                                       x                                                                                                   
                                                                                                                                                                                                                                                                      x                                                                                                    
                                                                                                                                                                                                                                                                     x                                                                                                     
                                                                                                                                                                                                                                                                    x                                                                                                      
                                                                                                                                                                                                                                                                    x                                                                                                      
                                                                                                                                                                                                                                                                   x                                                                                                       
                                                                                                                                                                                                                                                                  x                                                                                                        
                                                                                                                                                                                                                                                                 x                                                                                                         
                                                                                                                                                                                                                                                                x                                                                                                          
                                                                                                                                                                                                                                                                x                                                                                                          
                                                                                                                                                                                                                                                               x                                                                                                           
                                                                                                                                                                                                                                                              x                                                                                                            
                                                                                                                                                                                                                                                             x                                                                                                             
                                                                                                                                                                                                                                                            x                                                                                                              
                                                                                                                                                                                                                                                           x                                                                                                               
                                                                                                                                                                                                                                                          x                                                                                                                
                                                                                                                                                                                                                                                         x                                                                                                                 
                                                                                                                                                                                                                                                        x                                                                                                                  
                                                                                                                                                                                                                                                       x                                                                                                                   
                                                                                                                                                                                                                                                      x                                                                                                                    
Programme fini
